,accrue,advantage,affluence,affluent,afloat,allowance,aristocracy,aristocrat,aristocratic,associate,backer,backward,backwardness,bankrupt,bankruptcy,bargain,beggar,benefactor,beneficiary,benefit,benevolence,benevolent,bequeath,betroth,betrothal,blackmail,bonus,boom,breadwinner,bribe,broke,bum,buy,capitalize,charitable,charity,cheap,colony,commoner,community,compensate,compensation,contribute,contribution,cooperative,corrupt,cost,costly,crisis,debtor,default,deficit,depreciation,depression,destitute,domination,donate,donation,economize,endow,entrepreneurial,equity,expense,expensive,extravagant,fellowship,fine,fire,frugal,gain,gamble,generosity,ghetto,gift,gold,guide,hole,hustle,hustler,inexpensive,inflation,inherit,intervention,invaluable,jobless,laid,lay,legal,liquidate,liquidation,lucrative,luxury,meritorious,miser,negotiate,nobility,nobleman,owe,partner,partnership,patron,patronage,pollution,poor,poverty,precious,priceless,privileged,productive,productivity,profit,profitable,prosper,prosperity,prosperous,race,radical,recession,recompense,redemption,reparation,reward,rich,riches,richness,ruin,savings,security,segregation,shortage,skill,squander,steal,subsidize,subsidy,success,successful,tariff,thrift,thrifty,treasure,underworld,unemployed,unprofitable,vagabond,vagrant,valuable,warfare,waste,worth
accrue,1.0,0.6905334900578816,0.2707534672890094,0.33646687695079974,0.1714316628771961,0.5507160237343468,0.4017027051966433,0.19217624336090675,0.1887930918214741,0.6986644025487688,0.22673051545997325,0.2768611292334973,0.007430423695860573,0.32046597302834184,0.6589580297712804,-0.15186865271947697,-0.046101924951415685,0.19993460692142928,0.6791485803693041,0.6795154094439227,0.15888965436131106,0.4843504736150638,0.22228352369410134,0.00966927137784467,-0.009974728304278896,-0.08227296441227185,0.15643059071835805,0.256339937605309,0.2184946803687406,0.4555807026000623,-0.20485022641449263,-0.43957623455805356,-0.39495771121921963,0.6702866932610707,0.6235228399459419,0.313725276872445,-0.2716272938468936,0.4538094946003927,-0.018393041947079587,0.6977306639962169,0.4631918535810782,0.6694485704958271,0.6677151278544278,0.6839302511653185,0.686922824832219,0.5406825943670411,0.4093578983386033,0.42614589332658387,0.5722742214955213,0.33333996592119225,0.6686291564833765,0.5508300851696363,0.6228221363713711,0.5301657969184346,0.23275467549741322,-0.1441264332446931,0.14544762449259124,0.31580642688711746,0.01027476373379,0.18985253871122124,0.31530316756955334,0.6686333587741595,0.6728336543230594,-0.2001558058574769,0.13579757869602613,-0.08967565715492673,0.15951372712949602,-0.12603825499692803,0.10108063263797461,0.45421879240525664,0.09668667543131193,0.312917166981495,-0.3228543991387537,-0.35922516501253626,-0.16296259441144995,0.44409236103312094,-0.29865009213541455,-0.24449870605006715,-0.3310337004426172,-0.10361138392550441,0.39759531804285597,0.38935112158268004,0.6493342674511733,0.5766099211426915,0.0740799870087389,0.4133843450965437,-0.2612456245014515,0.5815603920869584,0.33336285726562154,-0.06136502932861038,0.3817919317547776,-0.32600464012128433,0.31525822149510285,-0.07268558509411367,0.6403639944864294,0.27484456051716544,0.1525787587960918,0.5079167073273408,0.3825656508384243,0.6880836977294381,-0.40155428933542847,0.2603739775976948,0.5984508042407787,0.4006020492745574,0.617948635576648,-0.053034301400069504,-0.042584675456688405,0.5081735501996744,0.590191679780807,0.6105042560684885,0.6551506854869926,0.25470761842844286,0.42750736937722167,0.5496030150947377,0.38208752966406684,-0.39320127563919943,0.5879401000836644,0.4212133976453637,0.132731180109036,-0.49378527755836815,0.20957254938346603,0.16585874823537042,0.016340199598257714,-0.11640264357617201,0.2576122476124165,-0.17450332740875946,0.25209535774899744,0.6593400004273824,0.5688153498677951,0.3853197163299246,0.21538367152275417,0.23958691175641922,-0.21437363592549474,0.2867356075290078,0.5760962453834695,0.6418891044572514,0.6328417479286977,0.5380958644803261,-0.39531860269896946,0.09932329575377541,-0.47985407489786575,-0.19997507856599572,0.5685991420372636,0.06783123691709927,-0.27502587036025195,0.10666653762095481,0.1715389696973429,-0.21718837292591034,0.40715958178933687,-0.4334458103895499
advantage,0.6905334900578816,1.0,0.35301572590143354,0.502309129275914,0.2397292260570397,0.7559967481221511,0.46385642390692083,0.28832294328829755,0.25497669273612644,0.9188803729902327,0.25627691253955903,0.37880909566045345,-0.002875023052162434,0.45777399353333975,0.8984780955026628,-0.2498003432115221,-0.06596992422619719,0.29501884730673544,0.9021855053722702,0.9059717933628041,0.1893484603593397,0.6507637800940865,0.3572873245836247,-0.0065185243104292625,0.02228349227340928,-0.06140629298050902,0.1890565312692172,0.36719636427970437,0.28258219615805513,0.6426079106575058,-0.2626947853053501,-0.5820979439827692,-0.556739761801827,0.8903861117680426,0.8441055762792605,0.4068084369171128,-0.3613947399215219,0.6068672594503867,-0.010627882287294084,0.9325377017422288,0.6237433471005704,0.9091276882332257,0.8928063222678931,0.9024289352914636,0.9125554563962902,0.7177173522829184,0.5440421499628872,0.45710932685685973,0.7946518751960866,0.4676230358695059,0.8862985270764104,0.7145925646706497,0.8181755210887129,0.7247118960815238,0.28854421449824114,-0.13754278906510925,0.25065358214502065,0.4417705957059472,0.022660440243875906,0.2518360309268302,0.480164035324937,0.894114855455678,0.8944455663428141,-0.20232950271568653,0.1692882536562295,-0.17478815160481342,0.23396989408352475,-0.1297769145465439,0.1261764529939149,0.6159221360750058,0.13477868970842727,0.41612333189504896,-0.39682651293076887,-0.4023321796923999,-0.1849102447691179,0.6081244369587677,-0.39163394247002403,-0.3183509801963394,-0.43060338121639946,-0.16852504033043478,0.5428296741474711,0.5174506357392412,0.8473936743071836,0.7647427554832169,0.10693862822722539,0.5512670673574195,-0.3372855783119246,0.7701000292036788,0.4108197816450273,-0.08021508673814798,0.532618778619514,-0.3805111439339166,0.42933892446956623,-0.05301484217199045,0.8550579728992636,0.4288579401781481,0.1574711041435884,0.6794903285728199,0.4917062195244075,0.9135919054860172,-0.5165387664578899,0.4283303147691139,0.8177515811076884,0.5304643087446256,0.8442054235730533,-0.07102056974947532,-0.08361263196141368,0.7000969860544107,0.79977384072687,0.8193760723175906,0.8792636438573146,0.36285758995486267,0.5616373699246826,0.7743424344366664,0.5543706849638357,-0.5500011675164811,0.8024519009739266,0.5550113623435087,0.16705232980619442,-0.6490499597657089,0.21145561930578413,0.16394915013182665,0.03842655019379185,-0.1317339892814258,0.345782192341922,-0.2720269402202003,0.4100304679082491,0.898785990325119,0.7832137931960372,0.5014903344598581,0.3007716778861635,0.3114470869128177,-0.28573697687998134,0.35410035706847626,0.7540363536126663,0.8546079648788985,0.8546443810799954,0.7003950638005391,-0.5577067793406729,0.14828412827766463,-0.6753738396746011,-0.3124772570442422,0.7737155846716888,0.09531162066349715,-0.36928343548404613,0.21399117628632952,0.27012612094243776,-0.24418714815822318,0.5836645147222097,-0.5627713163539076
affluence,0.2707534672890094,0.35301572590143354,1.0,0.27172168364661653,0.15993662507309947,0.3339735893643434,0.235625359767398,0.12399770303918033,0.14802492543947435,0.3566043753717859,0.05343255923098648,0.20086825031325412,-0.004708573168682898,0.19761573497828333,0.3411200589682729,-0.19739064586325877,-0.032261223073210964,0.1541774628569313,0.32919209681376843,0.3835571194340591,0.11562369460750636,0.33564157030487474,0.17865811269495196,-0.014103415503707957,0.030606442752294707,-0.052291927844496516,0.04134246677354621,0.20353254866179385,0.12362615288953607,0.2856583660092139,-0.07653227942916542,-0.2418339104130051,-0.2921293967077044,0.3629224070630364,0.32094024361378953,0.1579851116677776,-0.2302032437557172,0.3073827520389787,-0.025330228783089614,0.36265310882047386,0.3065582002483231,0.35985923436270856,0.4057770471972653,0.3616720459187773,0.3497214061099224,0.32437187989992317,0.21817716897514147,0.23343313058408502,0.34460919430257847,0.16820026742323832,0.35328984326765406,0.30255500080260816,0.33929242719202707,0.3366863461664731,0.12710557366622363,-0.030279668988624293,0.03123632935558627,0.08654049462611997,0.02221545391675191,0.15532902005308236,0.16674079578096607,0.32944466615027895,0.34087929722060123,-0.018245120842197787,0.10736344603093381,0.011470942977511752,0.09831030548094685,-0.07146295137392297,0.06924806735886084,0.26359451638849124,0.03098744696868692,0.24760215492907287,-0.15264264909457198,-0.1991569263753057,-0.09008813669679024,0.2331490966118864,-0.12554126472708443,-0.14351943438961964,-0.20806416013035162,-0.1784696075897479,0.24011332692748924,0.26325169005064664,0.3707361951386661,0.3105436700192197,0.024078426716809785,0.26506290539842003,-0.08873361620618714,0.32683078649851705,0.1865747864525663,-0.06796311291404761,0.26442229534455247,-0.19934350598340508,0.18221845460946634,-0.017906439758149865,0.3333079677715935,0.20846811333039772,0.06302753183551527,0.2683692242639056,0.24358147291775717,0.36101186592229934,-0.1950125855768499,0.19467026449624464,0.37029685009699737,0.2419422370245385,0.40009799644814337,-0.06991213786320512,-0.03921344132915831,0.2950980193817844,0.3447857742268409,0.3558522165287791,0.37936732029244297,0.22202997536444233,0.18841409541349127,0.3177165616949174,0.28544182131447965,-0.19319621893243252,0.3740164191025645,0.20298321013448906,0.07545771066364809,-0.23913928056648595,0.07808752570195247,0.10044310949291292,-0.027276147666929998,-0.05972681251123628,0.19256149062349723,-0.14395661910345775,0.11042143167197736,0.31844022034301117,0.3698531703503548,0.20897861250284258,0.16418018071751456,0.16171510443677237,-0.045082359943063074,0.13092012276501291,0.3146950736104056,0.36474963542944494,0.4144631988945711,0.3130462575869317,-0.3224097628408531,-0.03568352259869173,-0.27046705339904015,-0.09017957074812187,0.3375942314201454,0.103767015894802,-0.161779486555238,0.10173626306895996,0.18954792541029752,-0.0694465745518454,0.15507214669537012,-0.22931620132806085
affluent,0.33646687695079974,0.502309129275914,0.27172168364661653,1.0,0.11612454483085018,0.45637258598834457,0.29657195942473175,0.18188898197851663,0.17529248065493233,0.4973722753279891,0.13714677092262978,0.2669243020180072,0.016951669790738297,0.26646736257002185,0.4838441162949078,-0.16466172190033002,0.014921419871211806,0.23179875070465827,0.4795286599784127,0.5257237452041357,0.1619660259783922,0.4468520936351321,0.22801648882393652,-0.02065939352306783,0.0594644806103857,-0.013582162139040531,0.10330636403938072,0.31029714652495455,0.180714906345315,0.3934054493194988,-0.05182462059589531,-0.2883681731214424,-0.3366802778273611,0.5248945143283356,0.46116035346691137,0.2603702807644204,-0.2393258411305463,0.39489592342225205,0.012323194947188447,0.5160000303688806,0.4252016338496308,0.518303464406933,0.5505586311435106,0.4873234389259486,0.5041090978306146,0.4410871464972879,0.32055812967101543,0.2956688276624578,0.501580911743204,0.2196234917843898,0.5097172874844497,0.45467171663565353,0.4767325642008334,0.49225975417370627,0.16914077863795499,-0.047334485478771636,0.12472519445823815,0.18793350322490143,0.03067147393447795,0.1198584258708021,0.23983186499669026,0.4880258132176042,0.5131085219070659,0.035734587612280835,0.11605989063360383,0.0647297087099628,0.13619536455943532,-0.014252922382440443,0.1170829411270394,0.40960894797151615,0.13662680381124107,0.3201205083423656,-0.16647044640562889,-0.26004758280912005,-0.07139541847679907,0.3958440503678505,-0.1692605760771317,-0.1741475227785562,-0.24866985343502557,-0.10955182476431803,0.36229119186343367,0.3678423098953866,0.5016862052392564,0.4414684222038637,0.11292932344302886,0.3639700258542559,-0.17286003553976925,0.4592817401693213,0.15127641435204225,-0.07459220535059673,0.35765018271727406,-0.21658511966687174,0.23026059239660354,0.005180043236976997,0.45625712272033453,0.3067851556731251,0.12442917583268046,0.37558398188472913,0.2906401770201688,0.5106318000518407,-0.20953954311644923,0.2628382171156319,0.5201579092836999,0.358591119649295,0.5410186042585152,0.010520693173392826,-0.051073986856758756,0.38327612839736147,0.49818690853120634,0.5096046585638032,0.5306949169496489,0.30878942184742914,0.259252258744877,0.39216372480160194,0.31654892188111056,-0.21560168636561444,0.5023828664217421,0.34770356316060874,0.09334804776735274,-0.3424922253317945,0.1172439334266659,0.10712936389076262,0.06353452874062605,-0.01818782426021353,0.23735673705784524,-0.13843884584909166,0.22953720127653493,0.47129191126685277,0.5201847906453853,0.3715410784100778,0.2938376164582111,0.18268032331419853,-0.10580631621385213,0.2318205344785668,0.4265022855624968,0.5070264344301784,0.551579167800838,0.4192884752867703,-0.4149175078180674,0.04871217693168733,-0.3419491919382944,-0.1621134459996633,0.49860465152181943,0.06892180266557028,-0.1555673877105751,0.12903152863500977,0.2740604798204756,-0.07382569830679454,0.23332406927808322,-0.2504032818413791
afloat,0.1714316628771961,0.2397292260570397,0.15993662507309947,0.11612454483085018,1.0,0.20821076956680162,0.2032005714307484,0.12726060562359193,0.05527956198038718,0.23486036476872224,0.08146052716047146,0.18086857719895832,0.03384614890401083,0.13142604231617286,0.2267605275599265,-0.06026118833531805,0.008312534490826444,0.053921000589285215,0.23969440885720916,0.2540123375470286,0.1271000856099865,0.1924241731619181,0.12993614707207513,0.015229596679581051,0.026879219797635936,-0.014218938140634048,0.06751175928005672,0.14850411913770714,0.10888908934314416,0.15420265431265068,-0.0015778558603508294,-0.14370485121402915,-0.17193875012918408,0.24923297410290893,0.23545556450650826,0.11504046394891411,-0.122534244158267,0.1833962829676283,-0.008529313511009513,0.24715280426933275,0.2052045552844614,0.23473257845554787,0.2735023423751602,0.24241845534993547,0.24492386185994044,0.2008273734041224,0.16266375130781097,0.12656173704606422,0.22997192491332816,0.08153687859185817,0.23237526476051687,0.1964012066478965,0.23716147538956706,0.20219729750780457,0.1037770572371364,-0.02013941732092219,0.05604009906677099,0.14508437029288374,0.020468492073782978,0.0648198320017516,0.10189026083433003,0.24493161690409154,0.2578425851788648,-0.038219831456523815,0.06391344765439258,0.003697466046732586,0.07436880691411181,0.040114164548562106,0.07261552659471515,0.22923260160847245,0.04977219246875456,0.23707950740505898,-0.09515076513864881,-0.10944048398864498,-0.007189124750002005,0.17053958499520083,-0.066838016573346,-0.09634414144278503,-0.0856511073414508,-0.04184681525632392,0.158598303482248,0.20012265668306356,0.24517709622215533,0.18612779830851575,0.048583618351044695,0.1571755599334061,-0.08786673317664837,0.22678587732224,0.13922892110774052,-0.05759248464717898,0.15882962234374412,-0.1462768931835256,0.04494098909773919,-0.01304783920094972,0.24563394953309856,0.15587777129178287,0.05070902088349829,0.21840246655186582,0.16432050377772653,0.2549407321317594,-0.1474667319922519,0.07319964101370736,0.23592397378488883,0.18112256275096392,0.2573677514538284,-0.03660355223372465,-0.011817836491025404,0.22880448217351818,0.26440737833029954,0.2369846547445758,0.24920526798179565,0.1661685439945459,0.12065526533329383,0.22988998095871147,0.12352281025785863,-0.0987355145442064,0.2357291467289309,0.13045872167579992,0.07162674377487549,-0.17436704589011526,0.09657550815984041,0.07095145169699643,0.00860937482190102,-0.08149154437711037,0.09740992147184728,-0.04834334629174668,0.16516659126170133,0.22717400664031037,0.25573231349028464,0.15072141078740958,0.12018002473769158,0.12597179472442555,-0.053198030366982035,0.06113012572649575,0.23249431744336235,0.2587830992965682,0.2650074650327968,0.20600770655221895,-0.15783959169793726,0.033036102021132954,-0.1542429416663974,-0.06261007497819479,0.2203469386201015,0.03249922621121186,-0.11435398693212812,0.01307541346049053,0.09927109245102629,-0.08502767715329905,0.1034896578196948,-0.1377596004194496
allowance,0.5507160237343468,0.7559967481221511,0.3339735893643434,0.45637258598834457,0.20821076956680162,1.0,0.4038880810024189,0.2609264531588424,0.19475529356717522,0.7739681739557698,0.20594069866580325,0.39260047280778493,0.03241670913588712,0.3670740298106891,0.7440126042610169,-0.21427475011839428,-0.0050485375934842674,0.2708335931825667,0.7410766041467945,0.7725599698856841,0.1354452661507586,0.5603121191811468,0.2959519688032796,-0.008652825218047734,0.019756964842597886,-0.01108619479429804,0.32693480705226374,0.3561942919095589,0.2665941329855364,0.5798365289002926,-0.15943972954791152,-0.4357872909662486,-0.39057805913027843,0.7427513434664319,0.708036884139931,0.3757091626595074,-0.25259214095812943,0.535980055857355,0.014176049365135154,0.7771504848430223,0.5240584979684313,0.7928794173354976,0.7365128417697298,0.7721222009275491,0.7779855816598505,0.6378512654854227,0.583883739494393,0.39597391535950477,0.7320411811506751,0.42856945978327043,0.8192668600010536,0.6291954584679358,0.7603343008271435,0.6586510261009162,0.30945825385773146,-0.033619438322672904,0.20635196154901314,0.36572175349108305,0.0019055996046837339,0.2319652255166751,0.4263901512289192,0.7765809836266568,0.783501213705316,-0.10292313404081563,0.17152716417663272,-0.015630342726833068,0.2903337998302925,-0.07095013648477781,0.1360980673371588,0.5634365096443124,0.15133401523826706,0.40362992708313905,-0.2910296066563647,-0.29178031589279163,-0.07472987711971237,0.6113215818311256,-0.2873796133270727,-0.19253477830916021,-0.3350234548924986,-0.0693205599522273,0.5258650597987531,0.439653686500144,0.7729306492036124,0.6358027768444962,0.11681999711758359,0.5005524242747803,-0.21336067259647423,0.7319767071647704,0.3178614333944044,-0.017673494839566282,0.45377855704037917,-0.2688571821656691,0.34395921353760717,-0.031717559095512333,0.6849105469876415,0.38231204325971263,0.1781723573954111,0.5292573670585298,0.5367027677216725,0.8074439289089397,-0.3896235495091146,0.3813222174494704,0.7059725834793279,0.4921305469783139,0.7545056971801968,-0.009995117927821966,-0.005077837040758808,0.5883991804955043,0.6923665303436014,0.7516834988151505,0.8146602454910663,0.399882350004321,0.4344056777611045,0.6235017867342161,0.47068669804755536,-0.4157371176482652,0.684224060560187,0.48800504447292087,0.15515459888479644,-0.42537157393772035,0.2238580720458191,0.28659994206538486,0.08205088518670262,-0.0482339767789379,0.30025371528391637,-0.1089400490074494,0.33020161032471507,0.7396357849365719,0.6734159627215197,0.44936148481781973,0.38385069262596083,0.23885486359527158,-0.08784907785165523,0.31362883382106643,0.7451583583437524,0.7830833814348531,0.7223260980691978,0.6396098225880154,-0.4791714783094765,0.08025931199590035,-0.5162545992637675,-0.19648389021234922,0.6572321881410885,0.027919570879533315,-0.24842866847894057,0.20723337743517214,0.30272074485265477,-0.13851748577540074,0.42568174782428236,-0.4093728516134241
aristocracy,0.4017027051966433,0.46385642390692083,0.235625359767398,0.29657195942473175,0.2032005714307484,0.4038880810024189,1.0,0.17713828552088887,0.1878587153204002,0.4554363005542066,0.17303969577232653,0.24129162697882223,-0.00402519204419919,0.22755141854940755,0.4250542304301021,-0.15721781309203062,0.0029442628508766573,0.14183553513918773,0.4447995169716708,0.48571548915429963,0.15633417149945683,0.4065476236836547,0.19267849339627507,0.009403549649234705,0.032598963430295065,-0.031556913878388944,0.0344364861155839,0.2780338853650764,0.1426938849479429,0.33656299107882187,-0.11338035363896257,-0.27097759108084307,-0.29698299409891044,0.46523888776434386,0.43427656239496026,0.22344801410013718,-0.21061624808443985,0.41326385465028403,-0.011874208598560471,0.4690020732728286,0.3685766181391885,0.4442399951708693,0.5167860579446504,0.4822410048851079,0.46067692340588184,0.40133759880151065,0.3096486765770821,0.22798641052157614,0.4414536953177826,0.25569866063357183,0.4493479645499717,0.40847168780132737,0.4600024044393116,0.4306082785829468,0.19035822961197757,-0.01416139064924473,0.0962708477630337,0.19314826302237742,0.018061226747435682,0.12999874781561435,0.2844659249466059,0.4450592312793771,0.4857360301189351,-0.0738956872344423,0.0652813120772911,0.028848407271818567,0.0858798473406876,-0.0049960739824486235,0.05546944694739886,0.36852668910026853,0.060001193129056184,0.28855441230017,-0.23949490830936077,-0.301486126800872,-0.153961174918566,0.34597729725013365,-0.12849320575152767,-0.14763393009465228,-0.2068872559575296,-0.08216697391291278,0.3138382505991906,0.31297718809573105,0.5016659842351272,0.39823224824161774,0.11052809494159216,0.34102599420257573,-0.13834759285858375,0.43589941480113314,0.233385812005639,-0.06572124871254774,0.3289919792157224,-0.2500463825255911,0.20707082898137405,-0.05502135413615797,0.43491869457135784,0.29799649147520374,0.06555917751809899,0.3554976330597502,0.2781216930290982,0.47924402025277096,-0.24610950248081823,0.27536550438452045,0.4662266813786829,0.3291513031904183,0.49301100397241454,-0.08701388540506604,-0.019605849562808603,0.40087906426275344,0.48223010452850823,0.4808617763065895,0.4946754538751881,0.23245603838651943,0.2347208456213359,0.3591614875531129,0.26489877960582076,-0.190748258918913,0.4674624098044819,0.28682040856200897,0.10631898671699307,-0.3251928702687371,0.10533396478087168,0.12114738096843196,0.02771921514312618,-0.035543583042741154,0.18221761454529942,-0.114527914361013,0.17432772096289034,0.4372800995396307,0.46225381710273694,0.28427660928773,0.24918796368938365,0.2288292579550583,-0.1186211734379019,0.18887989898960944,0.3996080052039455,0.47228437770008136,0.4947924917065429,0.40299906496803295,-0.31983161255671577,-0.011882667427923745,-0.32848662933069267,-0.12769679599205905,0.41655796642101917,0.022436264534423128,-0.16737031540813505,0.05360565958079157,0.22338266612356217,-0.09228711271841812,0.22325196135501452,-0.25679991216371517
aristocrat,0.19217624336090675,0.28832294328829755,0.12399770303918033,0.18188898197851663,0.12726060562359193,0.2609264531588424,0.17713828552088887,1.0,0.12463711920160754,0.285769089942726,0.07880292687982661,0.1649668004933428,0.04660163335853621,0.18686226833266298,0.280584935538109,-0.03561487935661721,-0.026638607654495897,0.12077063779339764,0.28043514176501405,0.294109921770001,0.08768026797854522,0.2030785233984105,0.06459012859629529,0.022540097752850353,0.013071761294591991,-0.0046787528940490175,0.07186278278966324,0.12995975283965164,0.03853522320488628,0.2099580639540237,-0.054601062932055154,-0.15193235233304975,-0.13359673249577714,0.25628689883872446,0.2948532663194277,0.0914025203805472,-0.08849520188870728,0.2410809546727645,0.03990086825376246,0.28935345940738993,0.18803743913229173,0.2883529781924115,0.27932186866756126,0.2931614478442241,0.2853582092611782,0.2047539648133319,0.22316237251419327,0.15656675633770908,0.2680276810353431,0.1646182787305115,0.27973707701158423,0.23646993596110888,0.2844774435336168,0.2589533841641166,0.10297928180821599,0.0015583283097441818,0.06394122198443117,0.1576675783345234,0.010811860576820065,0.06466607799643657,0.11193138661598802,0.2859695899655708,0.3023336710150034,-0.024322226454665117,0.06260290492939521,-0.08793971177921524,0.1585298154313879,-0.011165099116135458,0.06114141009794469,0.24478899914209612,0.11726651213360983,0.10876395654303865,-0.10956965646118849,-0.11897988048355439,-0.03192281371955463,0.23909174520211995,-0.07285625269361622,-0.045677200021046145,-0.09957091900896645,-0.03296805013237997,0.2195786649278317,0.14970526623923439,0.2829966928728,0.24758436010782803,0.07138260437956682,0.20265951632120002,-0.09164950775484752,0.26882185311719786,0.15759129325580987,0.03957951373133705,0.13970364739550895,-0.08145408664623853,0.12143671388001333,-0.07884732443879286,0.2782595466028967,0.19467948601030668,0.05964978947985836,0.20769538429873002,0.1683600357393827,0.2847374273782053,-0.103816658768069,0.1331663782853945,0.245250729000687,0.17600369184528314,0.2928985706630805,-0.005463350766981577,-0.009859275128041097,0.24902412722875022,0.27985076037737805,0.2778139370632685,0.2708170230405698,0.14999594627275475,0.16683559582047516,0.27110767690510823,0.20388831891461554,-0.12935777647837401,0.2524939941317767,0.2341371831772668,0.05517843679841938,-0.1917609216957692,0.07963760010695121,0.10469407910550442,0.06452928641552215,0.0076677079283636726,0.08627498512057052,-0.08758660218180607,0.147409522953616,0.28688512607036215,0.27928454200757924,0.20526660793538554,0.1581539231069679,0.11114535793268274,-0.08766979923196858,0.10051690943371078,0.21913499219376756,0.2770511465008334,0.2829597900002914,0.24347502580269317,-0.15769582014659778,0.03355314120821697,-0.18889325330688217,-0.07416829484567962,0.2583917678308164,0.009971880482580717,-0.13833136641562382,0.0432446705445178,0.1129395784974349,-0.014728745379923998,0.2088241861340831,-0.15349988273542203
aristocratic,0.1887930918214741,0.25497669273612644,0.14802492543947435,0.17529248065493233,0.05527956198038718,0.19475529356717522,0.1878587153204002,0.12463711920160754,1.0,0.24563711225515913,0.060020781265467706,0.1408923227489178,2.5340385009182956e-05,0.1338231260876889,0.2332544591669811,-0.13858864675335547,0.02839614827008762,0.12697640782672132,0.24308028801379641,0.2763002346986143,0.10116356881951556,0.23833908405157056,0.15621163168273194,0.005074199594434183,0.058353485091420215,-0.02636865483819203,0.018153813678731045,0.1588439185149264,0.11823097516640606,0.19018523238150734,-0.08127775126049573,-0.18378105964793276,-0.1829079629742783,0.2725178982325017,0.23992939969632043,0.13202102861960668,-0.1832076487067881,0.19768992228993004,-0.005757848133720447,0.25841629423191015,0.21511817921987092,0.25033336899250774,0.29483379046755165,0.26559083691405416,0.271737349706015,0.23821545078975986,0.13656569072112723,0.16656737047357545,0.2471987716070866,0.12460312537206482,0.27075010040450903,0.2131540712503086,0.2563528363522695,0.23611337730769288,0.11769169013217748,0.027695589078133232,0.027610339363558133,0.03815692999112108,0.00939342494723842,0.06371493441866627,0.1506833449895386,0.2666771383687944,0.2848848341390393,-0.03339577552773616,0.08406087126214265,0.03330774156408648,0.029825010201482968,0.00028979597114565524,0.05088602218113818,0.22328532574465715,0.07708512282921831,0.15121597937223424,-0.11049367847762273,-0.1587061174346864,-0.0837400042909124,0.1816603337029648,-0.12234448423581738,-0.0713110231471698,-0.12876926957895002,-0.11473238511373653,0.1736857377189503,0.17507423030353828,0.26318694425905037,0.23703266541486287,0.017612233669625763,0.19766347317854616,-0.1262974735633982,0.2287871068138161,0.1262975674895144,-0.088917693657664,0.19047660027916383,-0.1202351473309826,0.11989419105544004,0.023693377405470964,0.2103420487129995,0.18360148683553923,0.08051822936126948,0.1600608252252704,0.12120375943379708,0.2726087523560022,-0.13464021883260827,0.221228799022808,0.27565050877608005,0.168035267570651,0.2788783523994005,-0.03261625397623248,-0.005088667915408227,0.2273331169404621,0.26607390624342203,0.2870231386505469,0.2705637482451184,0.14434397710918281,0.1089712585908053,0.20938213277888926,0.21879162539416047,-0.14332704977348998,0.270510318986214,0.17934315506233697,0.061438295179642326,-0.20379211913409442,0.15142047196136302,0.060710235602899704,0.010925614023178036,-0.009186839876819605,0.112426543700248,-0.04362951471667114,0.11640147707998394,0.2517201739048126,0.27446495087350103,0.18749692852984537,0.10061133127515227,0.09221489757475244,-0.04854792074182609,0.15131421224844205,0.2202033731942686,0.2805110908871634,0.3041084258043989,0.24958432404495534,-0.2361803182430985,-0.03190974268511803,-0.2154531001430848,-0.049021804620584856,0.23635554140106851,0.007060668419378457,-0.10546785269943641,0.11373381861096192,0.1392488232804709,-0.06834547059168491,0.12275589744868246,-0.1482556565962413
associate,0.6986644025487688,0.9188803729902327,0.3566043753717859,0.4973722753279891,0.23486036476872224,0.7739681739557698,0.4554363005542066,0.285769089942726,0.24563711225515913,1.0,0.25610339290090567,0.39703739548170097,0.015137473756671644,0.4773868903724856,0.9146461467954937,-0.2556082424403826,-0.07442188117163129,0.2756788917912894,0.921874695994508,0.8886840660875803,0.17653405108757828,0.6359026198315249,0.3650568380155237,-0.023825360329423666,0.022718879591644977,-0.05657498236334693,0.19770119877118467,0.34509053653439725,0.27169717296497603,0.6397530332620968,-0.2942216958718722,-0.585423718426667,-0.5661706572968864,0.8781787908583962,0.8645838335270769,0.4115927114803749,-0.3395109739919546,0.604245602880867,-0.023989780269677373,0.9325698306390221,0.6073399056049781,0.9239360282777981,0.8714581130737641,0.8966593372720068,0.9148000732254883,0.7020233077542273,0.553592816068591,0.4219734550403167,0.8001861284604125,0.4804432666737971,0.9050688384855561,0.7230576763778294,0.8218167656075052,0.6978628369815001,0.27483232402803187,-0.16649857174552452,0.24830624965561054,0.45451767769042983,0.02125225231225866,0.2544420089021035,0.4884959364276915,0.9130100682428628,0.893018142240048,-0.21159916905538664,0.19042472983723088,-0.20290991248210813,0.24983935441262847,-0.11254291554301625,0.12392924424207705,0.6138523583635729,0.1456021659719335,0.40882955185064,-0.4068776571994358,-0.38837539199494986,-0.18944774085102412,0.6320791101556772,-0.42499036417555386,-0.32242772699086797,-0.4306661062530544,-0.16805043251003743,0.5606194078951289,0.5097956205846448,0.8457679835077279,0.7680279141676701,0.07460122978744141,0.5427296563846932,-0.3315239484849806,0.7704847309277971,0.40227252327549456,-0.04491061764462314,0.5188443572579047,-0.3535983408326077,0.456618995117128,-0.056668652007169085,0.8724209644809954,0.38499626456469094,0.16850351054282103,0.6850583493886638,0.49486962720831235,0.928346181263828,-0.5366925744570893,0.4240738868719689,0.792884963939867,0.5122526698736908,0.8288139847419281,-0.06721876265915806,-0.04895723036730278,0.7080459265636152,0.7715549901209604,0.8140232910791791,0.8852014112203476,0.34170665703846304,0.5609417416333775,0.7503975519808943,0.536229314351378,-0.5664138824334884,0.7685388369291507,0.5504372593675989,0.16080046092827574,-0.6534856268970741,0.22161979367755433,0.16062831846585396,0.045894899850943756,-0.15492438860517962,0.35001591521979786,-0.26625474998356075,0.41263306197287813,0.905308056797774,0.7578926119406288,0.506503485271739,0.3183563984444709,0.30481606150398544,-0.2746099958182631,0.3417960436205768,0.7605439166287916,0.8560543713897931,0.8300925855775798,0.6998552834705913,-0.554781006653572,0.15518016201336987,-0.6790395964620559,-0.31312822537326257,0.763811461055443,0.09273874261995618,-0.3792699481641156,0.23487027077838227,0.2595819751808924,-0.2718237190801824,0.6093021088755705,-0.5669884812279882
backer,0.22673051545997325,0.25627691253955903,0.05343255923098648,0.13714677092262978,0.08146052716047146,0.20594069866580325,0.17303969577232653,0.07880292687982661,0.060020781265467706,0.25610339290090567,1.0,0.04268540184831455,0.02269524031887476,0.1042217738142098,0.23589004160493904,-0.027561442882547027,0.009092236225290012,0.05443414791213133,0.2292250540167352,0.23752836573578692,0.03547062662720722,0.11301254558999177,0.08957062332360911,-0.02408793462612795,-0.017844613797495162,0.026312648375613607,0.09269751196434356,0.09500879416563063,0.07551068422431881,0.1446685491225703,0.048874162559826274,-0.0605961846150669,-0.08068121959415589,0.18953521324930928,0.22352772822799796,0.08696488410761427,0.05161855806708183,0.1325083299006351,-0.01029682237514236,0.2487956368228795,0.17383136350134326,0.22144270775076902,0.19810032731662622,0.21443930244729567,0.20840202946792113,0.14031899994879632,0.2770227558457869,0.11550803982366865,0.19969729012598722,0.1545960007793243,0.22775790438494714,0.22474382656762945,0.23114601063773088,0.17593028070068978,0.07250649594190052,0.028854854130557855,0.2150195485391429,0.26255974988593006,0.0035608078719196108,0.00119489466011271,0.12313592832179027,0.2396350645740909,0.23885104788029393,0.019464020286140367,0.06437106870093254,-1.4840387729368164e-05,0.14346019666115814,-0.04668881422504146,0.03122169522011019,0.2023870775901215,0.08788510871517176,0.10769623277912249,-0.09270473073236811,-0.0857578128839583,0.04818843044922704,0.22460129346987873,-0.017850739879597875,-0.03290686479528289,-0.01564798699369098,0.12335687891349542,0.11275135227278803,0.16792636038447623,0.24507930845446393,0.18528168943180676,0.04354143443774944,0.07862035096419834,-0.011967065401641951,0.22782178611428075,0.09423080372849282,0.08301929118716975,0.12335504514157918,0.017384337021633004,0.1209582752831825,-0.02584492810001831,0.22964931574113223,0.08682863983387744,0.006783886429749337,0.18956916993314726,0.1776180990784407,0.21919413285624095,-0.13987410891737556,0.14913037430506398,0.17680385999057652,0.13133400868097198,0.21564879997846748,0.03652399922758598,0.027221315590028015,0.20128669583957345,0.1781524902892233,0.20553097003352575,0.23619031454738412,0.17676161872396504,0.1507581718784691,0.1614226141730303,0.10852661010092257,-0.13737142789505044,0.16843932812544138,0.1495813421485274,0.06372411732485263,-0.08459455307515293,0.04537384285329623,0.14615362295835344,0.04461689406442082,-0.03280485817952946,0.08321684614310748,0.019317191432082124,0.12083310598215119,0.23608020228641052,0.13944544130801184,0.1549634287407088,0.16255324179549072,0.028002660912101875,-0.06659749405258661,0.0683184974131048,0.19844103308572866,0.22686378582268688,0.2058253165981852,0.1314947000742516,-0.025577886173653627,0.06338270523686429,-0.10716369302279401,-0.05054511583923547,0.21145586289500845,-0.011040076835007214,-0.09395352612673033,0.018231376727766882,0.092798264578831,-0.058031767192727464,0.16165844464618698,-0.06384568256816466
backward,0.2768611292334973,0.37880909566045345,0.20086825031325412,0.2669243020180072,0.18086857719895832,0.39260047280778493,0.24129162697882223,0.1649668004933428,0.1408923227489178,0.39703739548170097,0.04268540184831455,1.0,0.04887754972274803,0.293691741535381,0.37328537080649765,-0.1329933466753028,0.06948356967994397,0.20053597018763905,0.3674162231662418,0.4410856269242312,0.15467316072898407,0.3636010256274022,0.1696629576882728,-0.004436589114315994,0.062238688964582,0.050514102722548714,0.12998818329741885,0.2222692907923868,0.10441490547396923,0.28515010840022,-0.01078747459432988,-0.25691606150030155,-0.25727624309476355,0.4099047961547291,0.35763867934549554,0.20518938777754744,-0.22311581770762937,0.32509929460732734,-0.0037237636877483914,0.3864093904048011,0.31107421591271883,0.38468026398345145,0.44672887986742105,0.37653804019297654,0.3870186172860215,0.3889747705102407,0.2900493421549168,0.24361558892636617,0.4278521954440701,0.2000454757756193,0.40919026648914686,0.4152654470414,0.4068883619158645,0.4075285809268425,0.16753772576024148,0.02592723040676063,0.06104286600247963,0.09399216044447749,0.040133822791426334,0.157434324395678,0.20492339479373317,0.37733861953352665,0.41490541598050423,0.023280205327446984,0.13544789844405292,0.09720110224623321,0.13964106385262318,0.18517526390142305,0.07647022611936194,0.5036090802551056,0.10488502336043157,0.26251873749928545,-0.12457832502126731,-0.19461305783295293,-0.01931990687510731,0.3391774014645043,-0.09139713177793228,-0.09117134799077292,-0.22618198296490719,-0.07930842776908271,0.31366798517548716,0.30402272055874124,0.43048947946730076,0.3485656394836121,0.06037645384691051,0.3701771986666456,-0.025174951347760363,0.3853965472011399,0.10887060334397278,-0.012070923433583245,0.31042710912020754,-0.2026511129659105,0.22432721071518874,-0.022694119879743128,0.35075471974243905,0.26429440287771977,0.10027968501557918,0.26971082713426864,0.2378350945181949,0.4183977629035219,-0.15621742383530154,0.18681752225210638,0.4265502795896869,0.3329595399635406,0.44893200812715234,-0.0074151498130532525,0.024859292175165477,0.34019749511827857,0.40966378217004285,0.41190423623952566,0.43112825004148503,0.28280685709173276,0.1702631501484687,0.30037049071749145,0.26961158256988604,-0.12360080649040947,0.4449135271944385,0.32613773960927755,0.10891639870138384,-0.2474007000504376,0.09787420670186792,0.15440965176262234,0.13082788880958607,0.0063244977902862974,0.1856950321446338,-0.08062040160616663,0.30439504797555916,0.3421083553953138,0.4646780500311988,0.31004448927954936,0.26927093669179347,0.13780326933200526,-0.07526411388841421,0.19482966989146305,0.34113632635819063,0.41839871349747954,0.45595384677464784,0.36542597320041603,-0.3774443497441493,0.039071327978393564,-0.2504938209778825,-0.062017713875938095,0.37457470570333223,0.07800275494583456,-0.1888303447962065,0.16063024466156856,0.23512932376733875,-0.0550102862133484,0.1650254149757046,-0.19173189214117323
